K1H2    -88.53  +39.07  +75
KAAA    -89.33  +40.16  +73
KALN    -90.05  +38.88  +74
KARR    -88.47  +41.77  +70
KBLV    -89.85  +38.55  +75
KBMI    -88.93  +40.48  +71
KC09    -88.42  +41.42  +72
KC75    -89.38  +41.02  +72
KCMI    -88.28  +40.03  +73
KCPS    -90.15  +38.57  +75
KDEC    -88.86  +39.83  +73
KDKB    -88.71  +41.93  +70
KDNV    -87.60  +40.20  +71
KDPA    -88.25  +41.92  +71
KENL    -89.09  +38.51  +75
KFEP    -89.58  +42.25  +70
KFOA    -88.45  +38.66  +77
KFWC    -88.41  +38.38  +76
KGBG    -90.43  +40.93  +72
KHSB    -88.55  +37.81  +75
KIGQ    -87.53  +41.54  +70
KIJX    -90.24  +39.77  +72
KIKK    -87.83  +41.07  +71
KJOT    -88.18  +41.52  +71
KLOT    -88.08  +41.60  +71
KLWV    -87.60  +38.76  +76
KMDH    -89.25  +37.78  +77
KMDW    -87.75  +41.78  +71
KMLI    -90.52  +41.45  +73
KMQB    -90.65  +40.52  +73
KMTO    -88.28  +39.48  +73
KMVN    -88.87  +38.32  +74
KMWA    -89.00  +37.75  +76
KOLY    -88.18  +38.72  +75
KORD    -87.90  +41.98  +70
KPIA    -89.68  +40.67  +73
KPNT    -88.63  +40.92  +73
KPPQ    -90.78  +39.64  +74
KPRG    -87.67  +39.70  +73
KPWK    -87.90  +42.10  +71
KRFD    -89.10  +42.20  +71
KRPJ    -89.08  +41.89  +71
KSAR    -89.70  +38.15  +74
KSLO    -88.97  +38.65  +75
KSPI    -89.67  +39.83  +74
KSQI    -89.68  +41.73  +72
KTAZ    -89.33  +39.53  +74
KTIP    -88.14  +40.29  +72
KUGN    -87.87  +42.42  +69
KUIN    -91.20  +39.95  +73
KVYS    -89.15  +41.35  +71
